0,179.68,0.916642,0.518348,83.44,0.980766,0.697711,88.23,0.980557,0.713374,87.88
1,177.02,0.977778,0.682666,88.44,0.989309,0.728185,89.81,0.989653,0.735933,89.43
2,177.56,0.985517,0.702813,89.34,0.989796,0.727531,90.43,0.990754,0.731833,90.10
3,178.11,0.986143,0.715071,89.79,0.990207,0.751770,89.92,0.990189,0.759097,89.64
4,177.09,0.982913,0.698833,88.75,0.961930,0.643286,87.38,0.955990,0.651341,87.21
5,174.20,0.973234,0.668392,88.05,0.978445,0.678420,88.65,0.977134,0.689044,88.36
6,179.26,0.963632,0.627028,84.82,0.982199,0.688666,89.04,0.981749,0.690235,88.70
7,176.38,0.972685,0.661962,87.71,0.980463,0.667105,88.05,0.978762,0.669468,87.61
8,176.27,0.967113,0.642691,86.45,0.970196,0.661717,87.59,0.970794,0.668200,87.25
9,176.87,0.978798,0.676482,88.24,0.984993,0.697511,89.00,0.985003,0.698227,88.62
10,177.71,0.974744,0.654909,87.57,0.980248,0.664990,87.83,0.980735,0.685993,87.44
11,173.47,0.978772,0.686086,88.46,0.986944,0.720494,89.72,0.985959,0.719818,89.39
12,181.18,0.981259,0.704428,88.89,0.988155,0.732570,89.87,0.988766,0.738273,89.57
13,178.91,0.982829,0.697360,88.66,0.977211,0.663289,87.88,0.974043,0.659444,87.55
14,179.61,0.976884,0.687090,88.41,0.955360,0.636664,86.73,0.963408,0.639839,86.43
15,181.96,0.981538,0.698715,88.90,0.989196,0.725163,90.26,0.989274,0.735800,90.01
16,178.41,0.985729,0.716332,89.45,0.990327,0.737828,90.54,0.990257,0.741262,90.25
17,175.39,0.988634,0.737074,90.15,0.988670,0.778617,90.39,0.987187,0.802322,90.14
18,178.89,0.987486,0.732265,89.92,0.987490,0.742853,88.20,0.987062,0.762633,87.90
19,175.83,0.988883,0.744408,90.12,0.991547,0.764818,91.11,0.990843,0.766017,90.81
20,179.22,0.989193,0.749268,90.38,0.993271,0.805917,90.90,0.992929,0.815529,90.51
21,179.63,0.990037,0.756493,90.49,0.993907,0.811972,91.53,0.993629,0.838099,91.12
22,179.88,0.991413,0.763687,90.92,0.993173,0.786622,91.42,0.992932,0.804082,90.95
23,179.61,0.991356,0.770056,90.93,0.993997,0.815300,91.72,0.993841,0.833678,91.40
24,180.15,0.991904,0.774917,91.19,0.994622,0.813066,91.98,0.994425,0.840411,91.68
25,180.97,0.991357,0.772966,91.14,0.994476,0.814284,92.08,0.994280,0.838736,91.79
26,181.42,0.980900,0.715472,89.31,0.988670,0.726394,89.93,0.988751,0.748377,89.60
27,176.73,0.983179,0.714628,88.85,0.990164,0.762816,90.30,0.989652,0.769848,89.91
28,180.07,0.985555,0.724670,89.67,0.989617,0.757052,90.28,0.988743,0.764053,89.90
29,180.03,0.987907,0.735293,90.26,0.991854,0.763030,91.12,0.991763,0.775445,90.72
30,181.54,0.987252,0.736901,90.14,0.990848,0.768583,90.75,0.990687,0.796688,90.45
31,178.78,0.989438,0.757273,90.64,0.990930,0.765942,90.10,0.991586,0.798085,89.63
32,179.31,0.983821,0.727391,89.63,0.990970,0.778505,91.24,0.990925,0.791151,90.93
33,182.43,0.988406,0.742244,90.31,0.992074,0.774071,90.98,0.992454,0.790330,90.72
34,176.55,0.990264,0.763019,90.81,0.993863,0.788749,91.51,0.993711,0.802205,91.19
35,175.06,0.991220,0.769559,90.99,0.991903,0.784614,90.43,0.991961,0.806429,89.98
36,175.59,0.991232,0.768949,90.89,0.994231,0.814007,91.34,0.993954,0.813392,91.07
37,178.70,0.992168,0.784756,91.11,0.995162,0.829953,91.92,0.994955,0.843898,91.64
38,177.63,0.992450,0.782992,91.30,0.991447,0.769143,91.33,0.991133,0.775739,91.11
39,176.11,0.993103,0.791809,91.51,0.994937,0.822221,91.93,0.994880,0.859163,91.81
40,178.73,0.990615,0.774173,90.82,0.994271,0.816302,91.63,0.994070,0.829702,91.31
41,179.14,0.992338,0.782080,91.33,0.994911,0.824254,92.08,0.994827,0.847087,91.70
42,177.73,0.990123,0.762944,90.55,0.992909,0.802413,91.16,0.992658,0.819280,90.95
43,176.65,0.991871,0.783678,91.25,0.995385,0.829176,92.03,0.995133,0.850128,91.70
44,180.32,0.992608,0.790749,91.52,0.995205,0.833496,92.38,0.995168,0.860742,92.08
45,180.13,0.993419,0.803833,91.91,0.994587,0.817019,91.61,0.994195,0.837685,91.36
46,179.06,0.993707,0.806875,92.04,0.995737,0.843114,92.50,0.995567,0.854287,92.40
47,179.89,0.993606,0.810187,92.00,0.995189,0.822617,92.25,0.995236,0.851932,92.04
48,180.02,0.993786,0.808338,92.03,0.996486,0.880486,92.68,0.996271,0.902738,92.45
49,180.25,0.994868,0.825534,92.43,0.996636,0.880035,93.05,0.996521,0.890383,92.84
50,176.70,0.994806,0.822779,92.43,0.996579,0.879648,92.92,0.996532,0.889758,92.79
51,179.83,0.994262,0.822092,92.22,0.995489,0.851776,92.52,0.995125,0.874780,92.37
52,181.39,0.994889,0.825264,92.37,0.994730,0.847607,92.26,0.995500,0.881851,92.10
53,175.35,0.994402,0.818005,92.12,0.995997,0.866156,92.84,0.996102,0.880338,92.60
54,176.23,0.994403,0.820156,92.19,0.995909,0.855877,92.41,0.995867,0.880689,92.27
55,175.50,0.994571,0.832198,92.51,0.994158,0.842695,90.92,0.994098,0.863883,90.73
56,174.88,0.995154,0.840502,92.78,0.996727,0.866495,93.44,0.996980,0.894758,93.39
57,177.09,0.995209,0.848287,92.90,0.995488,0.870932,93.15,0.996496,0.893928,92.97
58,176.39,0.994093,0.816522,92.04,0.996305,0.850246,92.77,0.996240,0.864974,92.61
59,175.33,0.994846,0.831698,92.34,0.995482,0.855225,92.50,0.995749,0.873819,92.29
60,180.48,0.994931,0.835972,92.54,0.996897,0.875752,93.28,0.996831,0.887430,93.15
61,180.98,0.995636,0.852007,93.01,0.997153,0.883104,93.59,0.997170,0.908470,93.48
62,176.76,0.996025,0.848648,93.20,0.996871,0.874536,93.23,0.996657,0.895499,92.97
63,178.65,0.995678,0.854285,93.14,0.995914,0.849603,92.58,0.995844,0.850527,92.48
64,180.99,0.992983,0.824779,92.02,0.987805,0.803502,86.36,0.987145,0.827911,86.09
65,185.94,0.988574,0.785752,90.95,0.994448,0.816933,91.84,0.994568,0.846962,91.60
66,179.14,0.990404,0.797547,91.20,0.994313,0.829042,91.92,0.995046,0.855686,91.73
67,174.17,0.993178,0.817152,91.74,0.996156,0.860443,92.78,0.995971,0.882441,92.54
68,181.30,0.994335,0.816453,92.17,0.996354,0.884580,93.14,0.996443,0.896719,92.98
69,182.39,0.995590,0.839137,92.68,0.996336,0.888656,92.99,0.995690,0.906101,92.72
70,182.72,0.995539,0.846963,92.65,0.996722,0.883921,92.86,0.996510,0.899853,92.69
71,177.58,0.993540,0.835448,91.79,0.995684,0.883862,92.69,0.995658,0.900270,92.48
72,178.05,0.994404,0.854504,92.31,0.996541,0.905742,92.96,0.996273,0.914922,92.72
73,179.67,0.995221,0.865308,92.51,0.996588,0.896504,93.09,0.996447,0.905846,92.91
74,176.87,0.995395,0.863765,92.57,0.997069,0.906969,93.23,0.996860,0.921638,93.00
75,172.83,0.995907,0.876721,92.88,0.997127,0.909923,93.34,0.996846,0.924547,93.15
76,180.90,0.996328,0.885269,93.13,0.996354,0.925204,93.62,0.996682,0.927210,93.34
77,175.78,0.996369,0.887605,93.50,0.997683,0.931649,94.43,0.997547,0.939618,94.16
78,181.12,0.996553,0.892861,93.76,0.997623,0.920597,94.40,0.997525,0.937171,94.28
79,176.50,0.989268,0.795652,91.29,0.994541,0.833805,92.44,0.994275,0.855913,92.08
80,177.53,0.993832,0.838095,92.12,0.995656,0.883036,92.23,0.995198,0.907058,91.98
81,173.76,0.995056,0.864653,92.76,0.996715,0.907256,93.67,0.996467,0.919191,93.48
82,173.21,0.994919,0.861733,92.77,0.996949,0.892836,93.81,0.996958,0.908223,93.65
83,174.61,0.991702,0.822779,91.47,0.983778,0.737568,88.00,0.983777,0.745995,87.71
84,173.97,0.991425,0.798599,91.20,0.995127,0.870772,92.34,0.994874,0.882078,92.21
85,176.08,0.992021,0.815922,91.43,0.995523,0.867562,92.66,0.995352,0.887616,92.50
86,174.07,0.994607,0.848548,92.53,0.996321,0.884867,93.28,0.996018,0.909409,93.06
87,179.41,0.992735,0.829560,91.53,0.995223,0.870132,91.93,0.994907,0.888880,91.79
88,183.67,0.994851,0.850204,92.45,0.996418,0.879285,92.76,0.996211,0.906762,92.55
89,178.35,0.995584,0.870744,92.99,0.996934,0.895088,93.87,0.996655,0.919836,93.64
90,180.91,0.995998,0.878360,93.17,0.997242,0.913759,93.98,0.997077,0.930765,93.81
91,180.96,0.996267,0.888326,93.50,0.997343,0.919104,94.02,0.997167,0.930614,93.86
92,176.60,0.996560,0.893466,93.67,0.997377,0.933201,94.11,0.997219,0.933515,94.01
93,178.33,0.996645,0.896668,93.68,0.996859,0.929506,93.92,0.996705,0.929195,93.81
94,175.97,0.996572,0.895582,93.73,0.997650,0.921295,94.20,0.997520,0.928404,94.14
95,181.45,0.996736,0.900922,93.79,0.997279,0.927280,93.96,0.997060,0.926476,93.83
96,179.39,0.996803,0.895674,93.79,0.997443,0.932304,93.90,0.997308,0.932371,93.79
97,177.65,0.996913,0.901445,93.97,0.997564,0.917879,94.23,0.997509,0.930186,94.08
98,174.20,0.997076,0.903617,94.03,0.997708,0.930466,94.45,0.997599,0.934448,94.39
99,178.51,0.996953,0.902543,94.03,0.997592,0.932632,94.24,0.997490,0.935232,94.11
100,175.44,0.996877,0.904581,94.04,0.997755,0.945590,94.43,0.997637,0.938357,94.22
101,175.67,0.996995,0.906967,94.09,0.997811,0.943019,94.70,0.997693,0.938969,94.54
102,177.87,0.997270,0.911557,94.23,0.997933,0.937184,94.76,0.997829,0.936554,94.63
103,180.44,0.997311,0.910407,94.28,0.997880,0.927367,94.57,0.997804,0.936167,94.40
104,180.08,0.997114,0.913627,94.25,0.997931,0.935505,94.69,0.997815,0.941925,94.59
105,175.65,0.997330,0.915027,94.35,0.998131,0.942159,94.88,0.998039,0.946887,94.79
106,175.49,0.997307,0.914218,94.38,0.989184,0.849086,89.59,0.989072,0.861569,89.45
107,173.02,0.997258,0.911046,94.29,0.997546,0.938904,94.37,0.997635,0.943474,94.23
108,172.35,0.997425,0.917218,94.38,0.998071,0.951900,94.84,0.998002,0.947003,94.79
109,173.80,0.997462,0.921059,94.58,0.996690,0.927126,94.85,0.995664,0.933183,94.70
110,173.41,0.994605,0.864236,93.14,0.997401,0.931472,94.16,0.997268,0.936201,94.09
111,178.99,0.997066,0.902591,94.09,0.997893,0.933336,94.90,0.997854,0.941272,94.73
112,179.52,0.997369,0.919555,94.51,0.997162,0.903442,94.15,0.997068,0.905171,93.90
113,173.52,0.997464,0.921614,94.48,0.998151,0.955310,95.19,0.998169,0.951537,95.11
114,176.78,0.997787,0.932013,94.98,0.998351,0.952233,95.36,0.998337,0.958189,95.19
115,180.51,0.997925,0.935994,95.14,0.998514,0.965922,95.57,0.998462,0.961472,95.39
116,176.89,0.997822,0.939646,95.23,0.998380,0.960917,95.29,0.998348,0.963196,95.27
117,175.89,0.998113,0.942984,95.38,0.998659,0.966419,95.79,0.998614,0.971179,95.71
118,176.31,0.998082,0.945184,95.44,0.998714,0.967557,95.81,0.998676,0.967834,95.72
119,175.92,0.998242,0.947474,95.51,0.998647,0.969222,95.92,0.998582,0.963081,95.73
120,178.98,0.998040,0.946931,95.57,0.998755,0.966000,96.03,0.998707,0.966246,95.85
121,177.59,0.998203,0.950821,95.71,0.998723,0.969705,95.90,0.998654,0.972373,95.78
122,178.05,0.998044,0.946241,95.46,0.998514,0.968780,95.84,0.998456,0.971620,95.69
123,178.16,0.998273,0.951212,95.68,0.998738,0.970499,95.97,0.998719,0.972819,95.79
124,175.95,0.998449,0.954074,95.82,0.998811,0.971065,96.19,0.998811,0.977735,96.11
125,172.78,0.998478,0.956559,95.91,0.998877,0.975469,96.39,0.998873,0.973660,96.23
126,185.28,0.998430,0.959069,95.98,0.998928,0.977155,96.32,0.998897,0.978623,96.15
127,180.60,0.998593,0.958790,96.03,0.998747,0.972445,96.01,0.998744,0.976201,95.94
128,175.09,0.998575,0.959637,96.09,0.998973,0.975935,96.47,0.998971,0.978407,96.39
129,177.00,0.998578,0.960472,96.08,0.998788,0.959616,96.44,0.998951,0.978584,96.43
130,174.87,0.998124,0.959020,96.02,0.998903,0.978501,96.34,0.998852,0.979589,96.22
131,173.55,0.998645,0.962537,96.21,0.998947,0.977532,96.32,0.998949,0.977769,96.28
132,173.88,0.998772,0.966189,96.28,0.998984,0.977637,96.53,0.998950,0.980383,96.46
133,172.96,0.998748,0.965185,96.29,0.999040,0.973200,96.57,0.999018,0.977506,96.47
134,176.38,0.998681,0.966815,96.37,0.999057,0.979917,96.60,0.999014,0.982809,96.46
135,175.75,0.998738,0.965829,96.34,0.999048,0.977232,96.61,0.999021,0.982383,96.53
136,174.23,0.998805,0.967453,96.44,0.999066,0.978440,96.65,0.999051,0.981898,96.54
137,178.04,0.998819,0.968948,96.49,0.999096,0.980749,96.69,0.999061,0.981485,96.66
138,173.06,0.998866,0.969830,96.53,0.999005,0.978015,96.53,0.999019,0.981281,96.52
139,173.77,0.998899,0.970427,96.54,0.999108,0.980801,96.76,0.999104,0.985311,96.72
140,180.94,0.998860,0.971445,96.59,0.999119,0.979594,96.80,0.999104,0.983583,96.74
141,177.01,0.998812,0.970869,96.62,0.999059,0.983470,96.67,0.999023,0.985171,96.67
142,177.01,0.998895,0.971834,96.68,0.999201,0.979672,96.97,0.999172,0.985130,96.87
143,177.76,0.998935,0.972834,96.72,0.999200,0.981813,97.02,0.999159,0.984942,96.86
144,172.51,0.998975,0.973136,96.76,0.999223,0.982881,97.01,0.999174,0.983035,96.85
145,176.74,0.998884,0.973376,96.74,0.999227,0.983735,96.96,0.999188,0.987413,96.87
146,173.92,0.998998,0.974490,96.80,0.999183,0.984333,97.00,0.999195,0.987035,96.94
147,176.77,0.999044,0.974396,96.84,0.999253,0.982618,97.10,0.999230,0.982978,97.02
148,176.59,0.999020,0.975199,96.89,0.999235,0.984402,97.02,0.999228,0.987917,96.98
149,175.44,0.999036,0.975521,96.90,0.999238,0.985613,97.06,0.999236,0.986125,97.00
150,177.58,0.999053,0.974907,96.94,0.999225,0.982651,97.07,0.999177,0.987055,96.98
151,178.42,0.999082,0.976484,96.97,0.999250,0.982774,97.09,0.999231,0.987035,97.02
152,179.71,0.999085,0.976607,97.00,0.999240,0.985321,97.11,0.999246,0.989152,97.10
153,178.30,0.999137,0.978025,97.04,0.999277,0.985204,97.13,0.999256,0.984695,97.04
154,175.22,0.999121,0.977548,97.07,0.999306,0.985237,97.18,0.999267,0.984432,97.10
155,172.94,0.999126,0.978244,97.09,0.999311,0.985655,97.26,0.999295,0.985130,97.17
156,177.86,0.999156,0.979248,97.12,0.999273,0.986997,97.22,0.999249,0.989719,97.09
157,178.21,0.999179,0.979393,97.17,0.999343,0.986780,97.30,0.999330,0.989628,97.20
158,178.40,0.999154,0.980214,97.17,0.999305,0.986828,97.20,0.999274,0.987907,97.15
159,175.15,0.999155,0.980236,97.22,0.999285,0.986160,97.26,0.999250,0.987512,97.13
160,178.87,0.999213,0.980737,97.23,0.999355,0.986296,97.32,0.999338,0.987345,97.27
161,176.63,0.999247,0.981087,97.27,0.999369,0.987732,97.39,0.999326,0.989058,97.29
162,188.82,0.999265,0.982246,97.30,0.999355,0.988148,97.31,0.999329,0.990248,97.26
163,174.49,0.999272,0.982290,97.34,0.999358,0.988181,97.41,0.999364,0.990281,97.36
164,173.49,0.999291,0.983062,97.38,0.999390,0.987977,97.47,0.999374,0.989958,97.40
165,179.03,0.999310,0.982491,97.40,0.999415,0.989043,97.49,0.999379,0.988389,97.41
166,180.78,0.999312,0.983827,97.42,0.999376,0.988779,97.49,0.999368,0.989920,97.40
167,182.04,0.999316,0.983552,97.45,0.999379,0.990268,97.51,0.999373,0.988916,97.44
168,181.58,0.999329,0.983889,97.47,0.999340,0.988756,97.42,0.999342,0.988980,97.32
169,180.51,0.999359,0.984766,97.51,0.999413,0.990539,97.60,0.999407,0.991267,97.47
170,173.50,0.999301,0.985033,97.54,0.999391,0.989120,97.51,0.999380,0.991302,97.49
171,174.24,0.999385,0.985232,97.57,0.999423,0.990489,97.61,0.999416,0.991821,97.50
172,174.54,0.999348,0.985035,97.60,0.999400,0.990795,97.53,0.999395,0.987715,97.50
173,172.58,0.999366,0.985749,97.63,0.999436,0.988872,97.59,0.999425,0.991798,97.55
174,173.06,0.999418,0.986361,97.65,0.999470,0.990479,97.63,0.999437,0.991964,97.54
175,176.41,0.999401,0.986737,97.68,0.999457,0.990330,97.67,0.999442,0.990941,97.60
176,176.92,0.999405,0.985989,97.71,0.999441,0.990957,97.72,0.999453,0.990491,97.63
177,176.88,0.999449,0.986910,97.73,0.999456,0.990265,97.71,0.999462,0.992049,97.62
178,178.78,0.999454,0.987098,97.75,0.999490,0.991061,97.72,0.999476,0.992075,97.66
179,177.73,0.999457,0.987134,97.79,0.999500,0.991625,97.79,0.999468,0.992700,97.67
180,180.66,0.999481,0.987527,97.81,0.999483,0.991199,97.73,0.999466,0.992153,97.65
181,182.06,0.999482,0.988084,97.83,0.999486,0.991372,97.73,0.999481,0.990702,97.68
182,176.81,0.999491,0.987342,97.85,0.999490,0.991406,97.79,0.999478,0.991053,97.73
183,172.92,0.999447,0.988590,97.86,0.999496,0.991371,97.82,0.999477,0.992466,97.70
184,174.04,0.999503,0.988637,97.91,0.999498,0.991541,97.80,0.999483,0.992203,97.76
185,180.48,0.999513,0.988413,97.92,0.999510,0.991943,97.83,0.999494,0.992557,97.73
186,174.10,0.999349,0.986247,97.67,0.999380,0.990206,97.55,0.999366,0.988187,97.45
187,179.77,0.999390,0.986052,97.65,0.999439,0.990725,97.64,0.999413,0.991129,97.59
188,187.15,0.999418,0.987051,97.75,0.999461,0.990851,97.69,0.999439,0.992134,97.64
189,185.34,0.999469,0.987550,97.80,0.999453,0.991043,97.74,0.999443,0.992298,97.65
190,183.91,0.999478,0.987686,97.83,0.999470,0.991016,97.73,0.999453,0.991994,97.66
191,184.16,0.999493,0.988013,97.85,0.999470,0.991119,97.75,0.999457,0.991911,97.69
192,179.42,0.999497,0.988564,97.87,0.999473,0.991040,97.76,0.999460,0.991838,97.71
193,179.66,0.999503,0.988332,97.90,0.999487,0.991149,97.77,0.999461,0.991449,97.70
194,177.09,0.999511,0.989056,97.91,0.999486,0.991327,97.80,0.999461,0.992287,97.71
195,176.59,0.999521,0.988513,97.92,0.999485,0.991299,97.80,0.999462,0.991910,97.74
196,184.31,0.999518,0.988614,97.94,0.999488,0.991425,97.81,0.999461,0.992145,97.74
197,184.10,0.999486,0.988893,97.94,0.999487,0.991378,97.81,0.999465,0.992262,97.72
198,177.75,0.999523,0.988758,97.94,0.999489,0.991318,97.81,0.999465,0.992208,97.73
199,178.30,0.999528,0.988853,97.94,0.999495,0.991321,97.82,0.999466,0.992199,97.72
